31 39 4 8 22 6 12 17 5 11 7 40 36 13 16 26 14 10 9 28 42 20 18 1 29 35 3 25 37 15 30 21 33 24 32 2 34 23 41 19 27 38

27 13 17 19 31 15 32 33 20 26 22 10 9 5 30 40 21 38 39 37 24 16 6 36 28 7 12 4 29 3 25 23 35 1 2 11 18 8 14 41 34

3 1 2

4 22 7 3 21 5 13 11 8 16 6 9 2 19 20 12 1 10 14 15 17 18

21 17 13 8 3 22 6 20 12 11 5 19 4 2 9 18 1 16 15 23 14 10 24 7

5 9 76 74 97 100 48 81 3 91 33 68 89 11 69 24 85 51 58 23 75 70 47 60 61 40 83 34 7 88 82 17 41 73 53 8 32 10 42 49 29 18 80 98 19 94 45 12 92 72 77 20 56 39 36 44 13 27 86 22 28 14 90 38 67 95 52 59 1 4 46 6 26 25 87 84 64 31 96 93 2 62 21 57 30 66 65 16 35 43 37 79 15 71 55 99 50 63 54 78

5 6 2 11 8 7 9 10 1 4 3

7 44 51 6 22 18 27 1 29 11 57 59 62 9 43 3 61 19 41 48 56 42 58 46 52 26 8 45 13 10 23 4 38 24 20 12 63 47 34 49 14 50 33 54 53 15 30 5 32 60 28 17 35 31 25 2 40 55 21 37 39 36 16

13 19 55 35 34 54 49 12 27 36 21 22 20 3 18 4 2 5 7 24 53 51 9 47 31 28 42 40 38 32 45 50 10 39 52 43 56 30 8 29 46 26 37 44 25 16 33 57 1 6 15 41 11 23 17 48 14

19 20 24 47 34 29 13 27 37 8 39 11 41 10 7 18 33 31 48 15 4 17 5 23 1 40 28 44 2 30 45 36 22 9 25 14 12 38 46 6 21 35 16 26 32 3 42 43

42 15 7 27 6 1 8 28 16 31 25 39 30 45 49 37 13 44 41 10 18 46 19 48 36 17 33 32 3 38 21 4 34 14 22 43 24 11 26 23 5 35 2 9 29 12 47 40 20

43 25 4 10 17 11 16 47 55 56 23 59 15 29 54 27 32 13 34 42 28 51 6 12 7 61 41 39 9 45 36 49 48 57 38 46 37 30 3 31 62 21 35 19 14 2 1 22 60 52 50 5 24 58 18 40 8 33 44 20 26 53

10 3 33 8 27 5 18 25 40 2 20 13 38 35 29 22 30 37 7 24 23 6 1 26 12 28 21 19 32 4 16 31 39 17 15 9 34 14 36 11

35 23 47 62 12 2 60 4 30 22 18 59 51 41 54 28 63 14 65 1 9 11 50 37 42 15 21 48 26 55 45 56 39 29 6 5 20 16 3 61 46 38 8 33 27 64 53 24 40 32 58 7 43 49 25 17 19 44 34 57 10 36 31 52 13

42 19 1 38 25 29 47 31 27 22 7 23 3 36 2 10 43 26 21 12 44 18 32 15 20 46 34 45 17 30 48 4 28 11 41 16 8 35 33 9 37 39 6 14 24 40 13 5

28 8 22 5 27 16 1 26 7 19 21 3 6 17 4 10 18 2 24 12 29 15 13 23 25 9 20 11 14

13 4 9 7 3 12 10 11 6 1 5 8 2

35 22 23 31 24 14 8 5 34 6 19 26 33 3 29 25 13 18 27 21 9 11 2 30 1 4 28 20 10 7 12 17 32 15 16

37 7 35 3 40 29 38 15 17 6 4 42 36 41 2 21 22 27 11 23 18 30 12 19 28 5 31 10 34 24 39 33 16 14 1 32 13 25 20 26 9 8

2 57 23 59 19 63 66 47 28 65 10 44 16 53 11 51 12 26 34 56 4 8 41 31 58 17 15 30 1 9 48 27 62 21 60 55 22 32 6 46 37 5 33 13 43 29 7 40 39 20 18 52 38 25 36 3 50 54 35 42 24 45 64 49 14 61

17 83 16 38 37 31 84 61 28 85 29 55 48 42 4 68 54 24 20 1 73 15 65 32 22 51 78 57 6 41 35 62 67 12 75 26 14 30 49 33 11 81 53 25 13 19 74 86 58 36 50 80 39 43 64 44 27 56 8 47 23 5 66 71 79 21 3 34 45 7 40 2 60 10 77 87 76 63 59 46 9 52 72 18 69 82 70

20 28 3 9 11 16 10 6 27 7 1 30 8 12 26 19 29 5 17 4 18 21 23 2 24 14 15 25 22 13

2 1

44 57 32 53 62 20 25 41 46 54 27 7 52 9 26 30 24 59 19 18 61 13 8 43 12 17 38 63 1 36 49 10 3 47 15 37 39 51 11 64 4 2 22 31 23 28 35 45 55 14 21 33 48 29 16 34 60 6 42 50 56 40 5 58

4 20 8 16 9 14 11 6 1 3 22 17 7 2 15 10 19 21 5 18 12 23 13

32 1 38 43 36 16 22 41 14 33 7 35 27 29 9 26 31 13 2 10 6 5 11 37 39 4 8 18 42 40 15 30 19 21 25 17 24 3 23 28 12 20 34

16 19 17 36 42 41 51 26 14 31 35 24 73 25 3 56 5 47 12 61 29 44 9 28 67 48 32 22 13 45 68 4 27 11 18 40 1 57 21 58 62 34 33 71 59 43 50 37 53 10 64 74 8 20 69 54 66 46 60 6 52 72 63 65 39 23 55 2 70 15 49 7 38 30

14 2 17 16 1 15 3 8 10 20 4 7 21 18 23 6 11 13 9 19 5 12 22

50 23 44 6 16 20 25 48 24 19 27 14 9 46 31 5 29 38 40 28 12 34 10 39 42 45 32 15 49 43 3 21 7 8 17 18 11 1 2 30 33 36 41 22 37 35 4 47 26 13

7 3 4 6 9 5 1 2 8 11 10

21 30 27 23 1 29 22 8 25 4 26 5 31 24 10 18 9 11 17 28 2 20 19 14 7 3 16 13 12 15 6 32

29 11 7 28 5 17 24 8 19 20 21 13 2 1 3 26 4 27 16 6 18 9 23 25 30 22 12 14 15 10

9 52 44 19 32 1 28 63 27 56 45 35 11 10 64 15 31 24 25 59 36 51 46 5 43 54 2 17 62 48 57 67 16 55 41 7 3 47 49 37 58 38 60 6 39 50 20 42 61 23 21 18 33 40 53 4 29 13 22 8 66 65 14 34 26 30 12

21 10 46 22 33 17 32 11 1 43 31 38 36 35 29 16 49 41 34 20 9 47 51 6 28 24 45 2 14 53 19 23 12 44 40 39 26 3 52 42 48 8 25 50 4 30 27 15 18 37 7 5 13

8 3 4 2 11 5 9 10 1 7 6

54 59 73 15 62 56 64 63 6 74 50 49 48 33 51 44 30 34 36 14 25 28 19 45 4 16 8 29 67 9 5 40 3 71 43 47 76 31 12 53 72 46 58 55 26 17 35 60 42 2 22 11 66 37 77 27 41 1 10 57 69 18 32 65 21 70 68 13 75 61 23 52 7 39 38 24 20 78

9 19 16 45 51 15 43 40 35 56 31 6 22 24 29 39 54 52 55 47 7 28 3 14 42 5 8 2 20 23 26 44 37 48 27 18 21 32 33 10 36 11 34 13 1 49 46 53 12 30 25 38 50 17 4 41

52 25 16 63 65 30 22 14 1 24 2 50 48 66 64 37 9 28 35 27 47 20 36 51 61 10 5 38 45 53 7 40 33 60 43 8 29 56 19 17 32 59 31 15 11 21 46 62 55 42 41 13 67 18 12 44 54 39 69 6 23 68 49 34 4 58 57 3 26

1 17 39 9 29 15 33 2 51 42 22 8 14 4 6 49 23 31 45 27 5 47 36 11 10 30 13 19 50 46 38 26 34 25 20 24 40 41 35 12 21 16 37 43 44 52 7 28 48 3 18 32

6 5 18 4 16 17 3 12 8 22 21 19 9 1 10 13 7 20 11 15 23 14 2

41 9 82 32 18 53 26 79 19 13 68 34 1 14 44 81 83 70 72 8 5 27 42 24 69 20 12 84 66 28 56 3 45 60 88 7 67 39 55 50 86 16 2 52 48 64 62 29 80 57 22 89 65 54 11 47 17 49 78 59 33 46 74 73 58 21 40 76 31 23 85 30 61 36 90 51 38 4 37 87 77 63 25 6 35 10 15 71 75 43

13 17 4 39 34 41 33 42 9 21 37 32 1 30 18 11 38 6 3 14 22 12 15 23 8 43 24 35 16 31 40 7 19 25 29 26 10 5 36 20 2 28 27

40 76 85 21 17 38 82 75 88 2 66 49 18 32 97 90 5 83 67 74 12 99 79 14 78 57 60 26 34 7 44 71 29 11 95 16 35 56 23 61 73 20 47 33 39 63 91 28 50 70 19 13 96 62 3 94 30 4 52 53 22 68 31 98 54 64 77 27 81 24 43 8 36 45 89 84 100 41 42 10 93 48 6 46 59 69 72 15 1 9 65 55 37 51 80 92 86 58 87 25

13 1 10 16 15 11 8 4 14 6 2 5 9 3 12 7

35 25 39 40 9 6 22 23 5 4 18 15 26 29 27 10 34 14 33 21 36 16 20 3 32 46 13 38 2 30 45 28 41 1 44 7 11 17 19 12 24 8 37 42 43 31

96 56 34 15 68 7 16 90 22 35 66 5 27 33 25 41 82 28 46 29 48 4 39 54 50 61 23 78 47 69 11 77 44 85 3 8 36 40 98 86 43 20 12 62 19 91 60 100 81 21 55 79 63 13 75 24 37 99 57 45 95 49 64 65 18 73 94 53 30 89 83 58 14 51 26 42 38 17 71 87 52 32 31 76 1 10 92 59 97 2 70 80 74 9 72 88 6 84 93 67

21 33 48 50 49 25 3 42 16 1 4 38 15 55 22 54 46 56 8 31 34 18 30 23 5 51 10 19 45 58 40 41 28 36 13 39 47 53 52 14 24 37 26 2 12 43 9 29 27 44 57 17 7 20 35 32 11 6

13 1 15 4 9 19 16 17 8 14 3 20 6 5 11 2 12 7 10 18

19 20 5 17 6 9 25 3 11 2 1 18 23 15 22 13 12 10 21 24 8 16 14 7 4

9 24 13 12 14 23 17 15 28 26 27 1 21 19 4 29 31 20 11 5 3 18 25 32 8 10 22 7 2 30 6 16

27 23 8 20 76 73 7 39 16 29 54 45 1 50 32 9 44 5 24 52 19 69 17 38 77 22 14 53 35 83 79 75 10 43 51 11 64 40 21 59 18 33 36 65 28 46 70 48 60 67 6 66 4 47 80 57 34 13 78 49 42 37 41 74 81 12 55 58 15 71 62 82 31 68 26 56 61 72 30 3 25 2 63

12 18 8 16 1 24 17 4 26 5 22 19 9 25 11 14 7 13 20 10 21 2 15 3 6 23

2 26 3 12 10 19 7 17 27 20 15 14 8 30 16 24 22 4 31 23 25 21 9 5 11 28 6 29 1 18 13

21 51 4 25 24 36 22 2 12 28 11 27 52 18 16 31 29 57 56 10 20 17 42 55 63 34 9 45 62 64 35 49 60 59 48 39 61 65 43 37 8 44 13 46 15 26 40 32 66 47 5 30 3 54 41 50 7 38 23 53 6 1 14 19 33 58

46 42 2 41 21 33 15 30 31 5 36 32 17 29 40 23 24 11 13 20 4 26 39 9 35 28 19 7 6 37 12 44 3 38 10 18 45 25 1 16 14 8 43 27 34 22

5 29 15 50 17 8 38 19 20 41 13 49 47 27 18 32 11 58 48 64 3 14 61 7 1 33 9 65 22 26 51 34 54 24 12 68 36 39 35 10 31 67 28 57 30 46 44 42 16 4 55 53 43 6 59 45 56 66 25 40 62 2 37 63 60 52 21 23

3 6 1 7 4 2 5

24 27 18 23 12 13 19 42 53 1 48 33 41 2 35 37 34 3 44 6 21 32 26 38 30 28 45 4 31 9 25 46 43 39 51 14 11 40 10 15 36 16 29 7 8 17 52 49 22 50 47 5 20

2 13 10 8 16 15 9 14 1 11 6 17 3 4 7 5 12

4 17 2 1 20 46 32 29 24 31 39 8 6 7 27 35 19 33 36 12 3 30 44 43 16 41 13 40 9 28 15 25 42 18 45 37 21 23 10 34 5 38 26 11 22 14

12 9 4 25 16 1 14 22 2 18 19 3 8 17 7 23 13 11 5 15 20 21 10 6 24

14 2 8 16 17 12 6 10 18 9 3 20 7 4 15 19 5 1 11 13 21

4 10 3 11 2 9 5 6 7 8 1

17 5 6 12 21 4 8 14 13 9 3 15 7 19 11 1 22 10 2 20 18 16

23 33 37 6 20 19 17 25 5 30 7 12 1 14 18 16 28 32 10 4 8 13 29 15 9 31 38 11 2 36 34 35 3 24 21 27 22 26

12 20 10 8 17 7 1 19 15 2 4 18 11 16 6 9 14 13 3 5

4 50 18 12 23 2 41 35 6 19 33 8 44 43 1 34 27 52 7 22 46 21 45 40 53 38 9 32 16 39 31 13 37 51 29 36 28 5 10 20 49 30 14 17 15 48 25 47 26 11 3 24 42

26 29 31 11 4 44 15 49 13 46 7 5 10 24 19 39 8 40 34 41 30 3 14 17 33 50 28 16 9 2 1 47 42 36 21 18 22 25 48 20 43 37 27 6 45 32 38 35 23 12

7 9 16 3 1 20 14 17 4 8 22 10 13 11 15 19 5 6 2 12 21 18

5 40 2 14 16 33 10 38 30 20 31 27 23 22 1 39 7 8 9 32 21 17 4 41 25 28 42 35 11 24 3 15 19 37 26 29 12 34 6 18 36 13

78 21 72 20 19 49 30 31 51 81 57 29 55 35 75 52 47 28 77 68 42 73 76 83 16 40 32 26 79 24 39 38 84 53 69 33 71 45 6 14 34 41 25 27 46 50 74 13 1 66 58 61 11 5 36 18 59 80 48 3 67 64 60 10 62 12 4 7 37 8 17 43 9 2 56 23 65 22 15 70 82 44 63 54

4 3 2 1

76 58 6 60 23 74 1 9 77 62 68 11 84 83 15 64 59 13 38 22 52 2 49 17 50 43 39 90 37 20 44 7 72 28 18 3 73 61 80 25 67 82 12 47 88 35 57 89 21 42 48 69 79 54 16 31 27 94 55 10 14 85 34 32 65 33 56 91 78 8 24 5 4 40 92 30 93 53 87 70 81 63 71 75 41 36 51 46 26 45 86 66 29 19

30 52 8 19 39 15 20 46 57 61 27 45 38 36 26 22 29 42 48 13 59 49 62 28 58 24 18 33 55 5 60 12 16 44 6 41 3 11 31 14 54 37 43 1 35 50 7 21 63 53 2 56 25 10 51 40 47 17 34 32 23 9 4

50 41 69 60 48 62 65 85 40 71 16 51 52 9 54 56 35 73 25 4 53 24 30 86 15 74 11 57 42 46 67 70 7 58 14 36 80 31 55 28 3 43 1 75 81 78 76 34 2 33 5 21 38 64 18 77 79 59 27 13 87 32 6 72 44 47 22 45 8 39 19 82 20 17 29 37 26 10 23 66 63 84 61 68 12 83 49

12 15 14 3 9 5 32 27 22 7 8 16 10 29 23 18 13 2 20 19 31 1 17 26 28 30 25 4 6 11 21 24

48 11 43 4 46 20 1 3 34 8 26 5 10 9 50 18 32 42 24 15 36 23 16 44 6 38 17 21 35 28 40 7 51 19 30 41 22 25 2 27 39 33 29 45 37 13 31 14 47 52 12 49

16 54 20 27 64 62 57 36 50 38 59 13 32 18 53 63 25 22 30 48 56 33 39 43 5 47 65 23 41 51 4 55 19 46 26 29 42 9 31 24 11 40 49 45 14 6 60 3 58 7 1 34 17 44 28 37 52 15 2 12 8 66 35 10 21 61

53 69 59 12 64 72 73 28 65 21 31 5 80 50 6 3 7 51 2 44 57 10 75 17 13 40 25 19 49 38 29 43 27 45 9 74 81 4 60 39 52 24 32 15 8 71 11 16 20 42 46 36 63 78 55 58 62 47 66 68 54 14 22 41 70 67 34 18 76 83 35 77 61 56 1 30 82 37 48 33 26 23 79

4 15 12 9 6 5 1 7 11 10 13 8 19 2 14 16 18 3 17
